;----------------------------TITLE -----------------------------------------------------------------------------------------
;   (3beta,5alpha,7alpha)-Cholestane-3,7-diol
;
; This file was generated at 03:48 on 2026-04-07 by
;
;                  Automatic Topology Builder  
;
;                   REVISION 2025-01-17 09:57:26
;---------------------------------------------------------------------------------------------------------------------------
; Authors     : Martin Stroet, Bertrand Caron, Alpeshkumar K. Malde, Thomas Lee, Alan E. Mark
;
; Institute   : Molecular Dynamics group, 
;               School of Chemistry and Molecular Biosciences (SCMB),
;               The University of Queensland, QLD 4072, Australia
; URL         : https://atb.uq.edu.au
; Citations   : 1. Malde AK, Zuo L, Breeze M, Stroet M, Poger D, Nair PC, Oostenbrink C, Mark AE.
;                  An Automated force field Topology Builder (ATB) and repository: version 1.0.
;                  Journal of Chemical Theory and Computation, 2011, 7, 4026-4037.
;               2. Stroet M, Caron B, Visscher K, Geerke D, Malde AK, Mark AE.
;                  Automated Topology Builder version 3.0: Prediction of solvation free enthalpies in water and hexane.
;                  DOI:10.1021/acs.jctc.8b00768
;
; Disclaimer  : 
;      While every effort has been made to ensure the accuracy and validity of parameters provided below
;      the assignment of parameters is being based on an automated procedure combining data provided by a
;      given user as well as calculations performed using third party software. They are provided as a guide.
;      The authors of the ATB cannot guarantee that the parameters are complete or that the parameters provided
;      are appropriate for use in any specific application. Users are advised to treat these parameters with discretion
;      and to perform additional validation tests for their specific application if required. Neither the authors
;      of the ATB or The University of Queensland except any responsibly for how the parameters may be used.
;
; Release notes and warnings: 
;  (1) The topology is based on a set of atomic coordinates and other data provided by the user after
;      after quantum mechanical optimization of the structure using different levels of theory depending on
;      the nature of the molecule.
;  (2) In some cases the automatic bond, bond angle and dihedral type assignment is ambiguous.
;      In these cases alternative type codes are provided at the end of the line.
;  (3) While bonded parameters are taken where possible from the nominated force field non-standard bond, angle and dihedral
;      type code may be incorporated in cases where an exact match could not be found. These are marked as "non-standard"
;      or "uncertain" in comments.
;  (4) In some cases it is not possible to assign an appropriate parameter automatically. "%%" is used as a place holder
;      for those fields that could not be determined automatically. The parameters in these fields must be assigned manually
;      before the file can be used.
;---------------------------------------------------------------------------------------------------------------------------
; Input Structure : _OHZ
; Output          : ALL ATOM topology
;	Use in conjunction with the corresponding all atom PDB file.
;---------------------------------------------------------------------------------------------------------------------------
; Citing this topology file
; ATB molid: 8423
; ATB Topology Hash: 8b7ab
;---------------------------------------------------------------------------------------------------------------------------
; Initial Guess Topology Generation:
; The topology was generated from PM3 optimized geometry and MOPAC charges.
; Bonded and van der Waals parameters were taken from the GROMOS 54A7 parameter set.
;---------------------------------------------------------------------------------------------------------------------------
;
;
[ moleculetype ]
; Name   nrexcl
_OHZ     3
[ atoms ]
;  nr  type  resnr  resid  atom  cgnr  charge    mass
    1    HC    1    _OHZ    H47    1    0.043   1.0080
    2     C    1    _OHZ    C28    2   -0.121  12.0110
    3    HC    1    _OHZ    H25    3    0.043   1.0080
    4    HC    1    _OHZ    H42    4    0.043   1.0080
    5     C    1    _OHZ    C27    5   -0.077  12.0110
    6    HC    1    _OHZ    H24    6    0.061   1.0080
    7     C    1    _OHZ    C29    7   -0.111  12.0110
    8    HC    1    _OHZ    H01    8    0.039   1.0080
    9    HC    1    _OHZ    H26    9    0.039   1.0080
   10    HC    1    _OHZ    H43   10    0.039   1.0080
   11     C    1    _OHZ    C26   11   -0.100  12.0110
   12    HC    1    _OHZ    H23   12    0.054   1.0080
   13    HC    1    _OHZ    H41   13    0.051   1.0080
   14     C    1    _OHZ    C25   14   -0.120  12.0110
   15    HC    1    _OHZ    H22   15    0.051   1.0080
   16    HC    1    _OHZ    H40   16    0.067   1.0080
   17     C    1    _OHZ    C24   17   -0.108  12.0110
   18    HC    1    _OHZ    H21   18    0.055   1.0080
   19    HC    1    _OHZ    H39   19    0.059   1.0080
   20     C    1    _OHZ    C22   20   -0.083  12.0110
   21    HC    1    _OHZ    H19   21    0.076   1.0080
   22     C    1    _OHZ    C23   22   -0.134  12.0110
   23    HC    1    _OHZ    H20   23    0.047   1.0080
   24    HC    1    _OHZ    H38   24    0.047   1.0080
   25    HC    1    _OHZ    H46   25    0.047   1.0080
   26     C    1    _OHZ    C21   26   -0.073  12.0110
   27    HC    1    _OHZ    H18   27    0.067   1.0080
   28     C    1    _OHZ    C16   28   -0.037  12.0110
   29     C    1    _OHZ    C17   29   -0.136  12.0110
   30    HC    1    _OHZ    H14   30    0.053   1.0080
   31    HC    1    _OHZ    H35   31    0.053   1.0080
   32    HC    1    _OHZ    H45   32    0.053   1.0080
   33     C    1    _OHZ    C15   33   -0.098  12.0110
   34    HC    1    _OHZ    H13   34    0.063   1.0080
   35    HC    1    _OHZ    H34   35    0.054   1.0080
   36     C    1    _OHZ    C14   36   -0.119  12.0110
   37    HC    1    _OHZ    H12   37    0.065   1.0080
   38    HC    1    _OHZ    H33   38    0.061   1.0080
   39     C    1    _OHZ    C13   39   -0.068  12.0110
   40    HC    1    _OHZ    H11   40    0.070   1.0080
   41     C    1    _OHZ     C2   41   -0.035  12.0110
   42     C    1    _OHZ     C1   42   -0.135  12.0110
   43    HC    1    _OHZ    H02   43    0.051   1.0080
   44    HC    1    _OHZ    H27   44    0.051   1.0080
   45    HC    1    _OHZ    H44   45    0.051   1.0080
   46     C    1    _OHZ     C3   46   -0.103  12.0110
   47    HC    1    _OHZ    H03   47    0.053   1.0080
   48    HC    1    _OHZ    H28   48    0.059   1.0080
   49     C    1    _OHZ     C4   49   -0.109  12.0110
   50    HC    1    _OHZ    H04   50    0.060   1.0080
   51    HC    1    _OHZ    H29   51    0.066   1.0080
   52     C    1    _OHZ     C5   52    0.083  12.0110
   53    HC    1    _OHZ    H05   53    0.043   1.0080
   54  OAlc    1    _OHZ     O6   54   -0.311  15.9994
   55  HS14    1    _OHZ      H   55    0.185   1.0080
   56     C    1    _OHZ     C8   56   -0.147  12.0110
   57    HC    1    _OHZ    H06   57    0.054   1.0080
   58    HC    1    _OHZ    H30   58    0.071   1.0080
   59     C    1    _OHZ     C9   59   -0.072  12.0110
   60    HC    1    _OHZ    H07   60    0.081   1.0080
   61     C    1    _OHZ    C10   61   -0.109  12.0110
   62    HC    1    _OHZ    H08   62    0.065   1.0080
   63    HC    1    _OHZ    H31   63    0.056   1.0080
   64     C    1    _OHZ    C11   64    0.086  12.0110
   65    HC    1    _OHZ    H32   65    0.045   1.0080
   66  OAlc    1    _OHZ    O01   66   -0.318  15.9994
   67  HS14    1    _OHZ    H09   67    0.195   1.0080
   68     C    1    _OHZ    C12   68   -0.118  12.0110
   69    HC    1    _OHZ    H10   69    0.091   1.0080
   70     C    1    _OHZ    C18   70   -0.088  12.0110
   71    HC    1    _OHZ    H15   71    0.062   1.0080
   72     C    1    _OHZ    C19   72   -0.096  12.0110
   73    HC    1    _OHZ    H16   73    0.054   1.0080
   74    HC    1    _OHZ    H36   74    0.057   1.0080
   75     C    1    _OHZ    C20   75   -0.105  12.0110
   76    HC    1    _OHZ    H17   76    0.050   1.0080
   77    HC    1    _OHZ    H37   77    0.062   1.0080
; total charge of the molecule:  -0.000
[ bonds ]
;  ai   aj  funct   c0         c1
    1    2    2   0.1090   1.2300e+07
    2    3    2   0.1090   1.2300e+07
    2    4    2   0.1090   1.2300e+07
    2    5    2   0.1520   5.4300e+06
    5    6    2   0.1120   3.7000e+07
    5    7    2   0.1520   5.4300e+06
    5   11    2   0.1530   7.1500e+06
    7    8    2   0.1090   1.2300e+07
    7    9    2   0.1090   1.2300e+07
    7   10    2   0.1090   1.2300e+07
   11   12    2   0.1110   4.8697e+06
   11   13    2   0.1110   4.8697e+06
   11   14    2   0.1520   5.4300e+06
   14   15    2   0.1110   4.8697e+06
   14   16    2   0.1120   3.7000e+07
   14   17    2   0.1520   5.4300e+06
   17   18    2   0.1110   4.8697e+06
   17   19    2   0.1110   4.8697e+06
   17   20    2   0.1530   7.1500e+06
   20   21    2   0.1120   3.7000e+07
   20   22    2   0.1520   5.4300e+06
   20   26    2   0.1530   7.1500e+06
   22   23    2   0.1090   1.2300e+07
   22   24    2   0.1090   1.2300e+07
   22   25    2   0.1090   1.2300e+07
   26   27    2   0.1120   3.7000e+07
   26   28    2   0.1560   3.0819e+06
   26   75    2   0.1540   4.2166e+06
   28   29    2   0.1530   7.1500e+06
   28   33    2   0.1530   7.1500e+06
   28   70    2   0.1540   4.2166e+06
   29   30    2   0.1090   1.2300e+07
   29   31    2   0.1090   1.2300e+07
   29   32    2   0.1090   1.2300e+07
   33   34    2   0.1110   4.8697e+06
   33   35    2   0.1110   4.8697e+06
   33   36    2   0.1520   5.4300e+06
   36   37    2   0.1110   4.8697e+06
   36   38    2   0.1110   4.8697e+06
   36   39    2   0.1530   7.1500e+06
   39   40    2   0.1120   3.7000e+07
   39   41    2   0.1560   3.0819e+06
   39   68    2   0.1540   4.2166e+06
   41   42    2   0.1530   7.1500e+06
   41   46    2   0.1540   4.2166e+06
   41   59    2   0.1540   4.2166e+06
   42   43    2   0.1090   1.2300e+07
   42   44    2   0.1090   1.2300e+07
   42   45    2   0.1090   1.2300e+07
   46   47    2   0.1110   4.8697e+06
   46   48    2   0.1110   4.8697e+06
   46   49    2   0.1520   5.4300e+06
   49   50    2   0.1110   4.8697e+06
   49   51    2   0.1110   4.8697e+06
   49   52    2   0.1530   7.1500e+06
   52   53    2   0.1120   3.7000e+07
   52   54    2   0.1420   3.2236e+06
   52   56    2   0.1530   7.1500e+06
   54   55    2   0.0938   2.9551e+07
   56   57    2   0.1110   4.8697e+06
   56   58    2   0.1110   4.8697e+06
   56   59    2   0.1530   7.1500e+06
   59   60    2   0.1120   3.7000e+07
   59   61    2   0.1530   7.1500e+06
   61   62    2   0.1110   4.8697e+06
   61   63    2   0.1110   4.8697e+06
   61   64    2   0.1530   7.1500e+06
   64   65    2   0.1120   3.7000e+07
   64   66    2   0.1420   3.2236e+06
   64   68    2   0.1540   4.2166e+06
   66   67    2   0.0938   2.9551e+07
   68   69    2   0.1120   3.7000e+07
   68   70    2   0.1520   5.4300e+06
   70   71    2   0.1130   7.0483e+06
   70   72    2   0.1530   7.1500e+06
   72   73    2   0.1110   4.8697e+06
   72   74    2   0.1110   4.8697e+06
   72   75    2   0.1530   7.1500e+06
   75   76    2   0.1110   4.8697e+06
   75   77    2   0.1110   4.8697e+06
[ pairs ]
;  ai   aj  funct  ;  all 1-4 pairs but the ones excluded in GROMOS itp
    1    6    1
    1    7    1
    1   11    1
    2    8    1
    2    9    1
    2   10    1
    2   12    1
    2   13    1
    2   14    1
    3    6    1
    3    7    1
    3   11    1
    4    6    1
    4    7    1
    4   11    1
    5   15    1
    5   16    1
    5   17    1
    6    8    1
    6    9    1
    6   10    1
    6   12    1
    6   13    1
    6   14    1
    7   12    1
    7   13    1
    7   14    1
    8   11    1
    9   11    1
   10   11    1
   11   18    1
   11   19    1
   11   20    1
   12   15    1
   12   16    1
   12   17    1
   13   15    1
   13   16    1
   13   17    1
   14   21    1
   14   22    1
   14   26    1
   15   18    1
   15   19    1
   15   20    1
   16   18    1
   16   19    1
   16   20    1
   17   23    1
   17   24    1
   17   25    1
   17   27    1
   17   28    1
   17   75    1
   18   21    1
   18   22    1
   18   26    1
   19   21    1
   19   22    1
   19   26    1
   20   29    1
   20   33    1
   20   70    1
   20   72    1
   20   76    1
   20   77    1
   21   23    1
   21   24    1
   21   25    1
   21   27    1
   21   28    1
   21   75    1
   22   27    1
   22   28    1
   22   75    1
   23   26    1
   24   26    1
   25   26    1
   26   30    1
   26   31    1
   26   32    1
   26   34    1
   26   35    1
   26   36    1
   26   68    1
   26   71    1
   26   73    1
   26   74    1
   27   29    1
   27   33    1
   27   70    1
   27   72    1
   27   76    1
   27   77    1
   28   37    1
   28   38    1
   28   39    1
   28   64    1
   28   69    1
   28   73    1
   28   74    1
   28   76    1
   28   77    1
   29   34    1
   29   35    1
   29   36    1
   29   68    1
   29   71    1
   29   72    1
   29   75    1
   30   33    1
   30   70    1
   31   33    1
   31   70    1
   32   33    1
   32   70    1
   33   40    1
   33   41    1
   33   68    1
   33   71    1
   33   72    1
   33   75    1
   34   37    1
   34   38    1
   34   39    1
   34   70    1
   35   37    1
   35   38    1
   35   39    1
   35   70    1
   36   42    1
   36   46    1
   36   59    1
   36   64    1
   36   69    1
   36   70    1
   37   40    1
   37   41    1
   37   68    1
   38   40    1
   38   41    1
   38   68    1
   39   43    1
   39   44    1
   39   45    1
   39   47    1
   39   48    1
   39   49    1
   39   56    1
   39   60    1
   39   61    1
   39   65    1
   39   66    1
   39   71    1
   39   72    1
   40   42    1
   40   46    1
   40   59    1
   40   64    1
   40   69    1
   40   70    1
   41   50    1
   41   51    1
   41   52    1
   41   57    1
   41   58    1
   41   62    1
   41   63    1
   41   64    1
   41   69    1
   41   70    1
   42   47    1
   42   48    1
   42   49    1
   42   56    1
   42   60    1
   42   61    1
   42   68    1
   43   46    1
   43   59    1
   44   46    1
   44   59    1
   45   46    1
   45   59    1
   46   53    1
   46   54    1
   46   56    1
   46   60    1
   46   61    1
   46   68    1
   47   50    1
   47   51    1
   47   52    1
   47   59    1
   48   50    1
   48   51    1
   48   52    1
   48   59    1
   49   55    1
   49   57    1
   49   58    1
   49   59    1
   50   53    1
   50   54    1
   50   56    1
   51   53    1
   51   54    1
   51   56    1
   52   60    1
   52   61    1
   53   55    1
   53   57    1
   53   58    1
   53   59    1
   54   57    1
   54   58    1
   54   59    1
   55   56    1
   56   62    1
   56   63    1
   56   64    1
   57   60    1
   57   61    1
   58   60    1
   58   61    1
   59   65    1
   59   66    1
   59   68    1
   60   62    1
   60   63    1
   60   64    1
   61   67    1
   61   69    1
   61   70    1
   62   65    1
   62   66    1
   62   68    1
   63   65    1
   63   66    1
   63   68    1
   64   71    1
   64   72    1
   65   67    1
   65   69    1
   65   70    1
   66   69    1
   66   70    1
   67   68    1
   68   73    1
   68   74    1
   68   75    1
   69   71    1
   69   72    1
   70   76    1
   70   77    1
   71   73    1
   71   74    1
   71   75    1
   73   76    1
   73   77    1
   74   76    1
   74   77    1
[ angles ]
;  ai   aj   ak  funct   angle     fc
    1    2    3    2    107.57   484.00
    1    2    4    2    107.57   484.00
    1    2    5    2    110.30   524.00
    3    2    4    2    107.57   484.00
    3    2    5    2    110.30   524.00
    4    2    5    2    110.30   524.00
    2    5    6    2    108.53   443.00
    2    5    7    2    111.00   530.00
    2    5   11    2    111.00   530.00
    6    5    7    2    108.53   443.00
    6    5   11    2    108.53   443.00
    7    5   11    2    111.00   530.00
    5    7    8    2    111.40   532.00
    5    7    9    2    111.40   532.00
    5    7   10    2    111.40   532.00
    8    7    9    2    107.57   484.00
    8    7   10    2    107.57   484.00
    9    7   10    2    107.57   484.00
    5   11   12    2    109.60   450.00
    5   11   13    2    110.00   285.00
    5   11   14    2    111.00   530.00
   12   11   13    2    106.00  1733.55
   12   11   14    2    110.30   524.00
   13   11   14    2    110.00   285.00
   11   14   15    2    110.00   285.00
   11   14   16    2    109.50   285.00
   11   14   17    2    111.00   530.00
   15   14   16    2    106.00  1733.55
   15   14   17    2    110.00   285.00
   16   14   17    2    109.60   450.00
   14   17   18    2    110.30   524.00
   14   17   19    2    110.00   285.00
   14   17   20    2    111.00   530.00
   18   17   19    2    106.00  1733.55
   18   17   20    2    110.00   285.00
   19   17   20    2    109.00  1680.51
   17   20   21    2    108.00   465.00
   17   20   22    2    109.50   520.00
   17   20   26    2    111.00   530.00
   21   20   22    2    108.00   465.00
   21   20   26    2    108.53   443.00
   22   20   26    2    111.00   530.00
   20   22   23    2    110.30   524.00
   20   22   24    2    110.30   524.00
   20   22   25    2    110.30   524.00
   23   22   24    2    108.53   443.00
   23   22   25    2    108.53   443.00
   24   22   25    2    108.53   443.00
   20   26   27    2    107.57   484.00
   20   26   28    2    111.00   530.00
   20   26   75    2    111.00   530.00
   27   26   28    2    108.00   465.00
   27   26   75    2    108.53   443.00
   28   26   75    2    104.00   490.00
   26   28   29    2    111.00   530.00
   26   28   33    2    111.00   530.00
   26   28   70    2    101.00  2076.33
   29   28   33    2    109.50   520.00
   29   28   70    2    111.00   530.00
   33   28   70    2    109.50   520.00
   28   29   30    2    111.00   530.00
   28   29   31    2    111.00   530.00
   28   29   32    2    111.00   530.00
   30   29   31    2    107.60   507.00
   30   29   32    2    107.60   507.00
   31   29   32    2    107.60   507.00
   28   33   34    2    109.60   450.00
   28   33   35    2    110.30   524.00
   28   33   36    2    109.50   520.00
   34   33   35    2    106.00  1733.55
   34   33   36    2    111.00   530.00
   35   33   36    2    110.30   524.00
   33   36   37    2    108.53   443.00
   33   36   38    2    111.30   632.00
   33   36   39    2    111.00   530.00
   37   36   38    2    106.00  1733.55
   37   36   39    2    109.60   450.00
   38   36   39    2    109.00  1680.51
   36   39   40    2    107.57   484.00
   36   39   41    2    111.00   530.00
   36   39   68    2    111.00   530.00
   40   39   41    2    107.60   507.00
   40   39   68    2    108.00   465.00
   41   39   68    2    111.00   530.00
   39   41   42    2    111.00   530.00
   39   41   46    2    109.50   520.00
   39   41   59    2    109.50   520.00
   42   41   46    2    111.00   530.00
   42   41   59    2    111.00   530.00
   46   41   59    2    109.50   520.00
   41   42   43    2    112.00  4899.70
   41   42   44    2    112.00  4899.70
   41   42   45    2    112.00  4899.70
   43   42   44    2    107.57   484.00
   43   42   45    2    107.57   484.00
   44   42   45    2    107.57   484.00
   41   46   47    2    109.50   285.00
   41   46   48    2    109.00  1680.51
   41   46   49    2    111.00   530.00
   47   46   48    2    106.00  1733.55
   47   46   49    2    109.50   285.00
   48   46   49    2    111.00   530.00
   46   49   50    2    110.00   285.00
   46   49   51    2    110.30   524.00
   46   49   52    2    111.00   530.00
   50   49   51    2    106.00  1733.55
   50   49   52    2    110.00   285.00
   51   49   52    2    110.30   524.00
   49   52   53    2    109.60   450.00
   49   52   54    2    109.50   520.00
   49   52   56    2    111.00   530.00
   53   52   54    2    108.53   443.00
   53   52   56    2    109.50   285.00
   54   52   56    2    111.00   530.00
   52   54   55    2    109.50   450.00
   52   56   57    2    111.00   530.00
   52   56   58    2    110.00   285.00
   52   56   59    2    109.50   520.00
   57   56   58    2    106.00  1733.55
   57   56   59    2    110.30   524.00
   58   56   59    2    109.50   285.00
   41   59   56    2    111.00   530.00
   41   59   60    2    107.60   507.00
   41   59   61    2    111.00   530.00
   56   59   60    2    108.00   465.00
   56   59   61    2    111.00   530.00
   60   59   61    2    107.60   507.00
   59   61   62    2    109.60   450.00
   59   61   63    2    110.30   524.00
   59   61   64    2    111.00   530.00
   62   61   63    2    106.00  1733.55
   62   61   64    2    110.00   285.00
   63   61   64    2    109.00  1680.51
   61   64   65    2    109.50   285.00
   61   64   66    2    109.50   520.00
   61   64   68    2    109.50   520.00
   65   64   66    2    106.00  1733.55
   65   64   68    2    108.53   443.00
   66   64   68    2    115.00   610.00
   64   66   67    2    109.50   450.00
   39   68   64    2    111.00   530.00
   39   68   69    2    108.53   443.00
   39   68   70    2    109.50   520.00
   64   68   69    2    107.00  2726.16
   64   68   70    2    111.00   530.00
   69   68   70    2    110.30   524.00
   28   70   68    2    111.00   530.00
   28   70   71    2    108.53   443.00
   28   70   72    2    103.00   420.00
   68   70   71    2    106.00  1733.55
   68   70   72    2    120.00   560.00
   71   70   72    2    106.75   503.00
   70   72   73    2    112.00  4899.70
   70   72   74    2    111.30   632.00
   70   72   75    2    104.00   490.00
   73   72   74    2    106.00  1733.55
   73   72   75    2    112.00  4899.70
   74   72   75    2    111.40   532.00
   26   75   72    2    109.50   520.00
   26   75   76    2    110.30   524.00
   26   75   77    2    110.30   524.00
   72   75   76    2    111.00   530.00
   72   75   77    2    112.00  4899.70
   76   75   77    2    106.00  1733.55
[ dihedrals ]
; GROMOS improper dihedrals
;  ai   aj   ak   al  funct   angle     fc
[ dihedrals ]
;  ai   aj   ak   al  funct    ph0      cp     mult
    2    5   11   14    1      0.00     5.92    3
    3    2    5   11    1      0.00     5.92    3
    5   11   14   17    1      0.00     5.92    3
   11    5    7    8    1      0.00     5.92    3
   11   14   17   20    1      0.00     5.92    3
   14   17   20   26    1      0.00     5.92    3
   22   20   26   28    1      0.00     5.92    3
   26   20   22   23    1      0.00     5.92    3
   28   26   75   72    1    180.00     1.00    3
   28   33   36   39    1      0.00     5.92    3
   29   28   33   36    1      0.00     5.92    3
   33   28   29   30    1      0.00     5.92    3
   33   28   70   68    1      0.00     5.92    3
   33   36   39   41    1      0.00     5.92    3
   41   39   68   64    1      0.00     5.92    3
   41   46   49   52    1      0.00     5.92    3
   41   59   61   64    1      0.00     5.92    3
   42   41   46   49    1      0.00     5.92    3
   42   41   59   56    1      0.00     5.92    3
   46   41   42   43    1      0.00     5.92    3
   46   49   52   54    1      0.00     5.92    3
   49   52   54   55    1      0.00     1.26    3
   49   52   56   59    1      0.00     5.92    3
   52   56   59   41    1      0.00     5.92    3
   59   61   64   66    1      0.00     5.92    3
   61   64   66   67    1      0.00     1.26    3
   64   68   70   28    1      0.00     5.92    3
   66   64   68   39    1      0.00     5.92    3
   68   39   41   42    1      0.00     5.92    3
   68   70   72   75    1      0.00     5.92    3
   70   72   75   26    1    180.00     1.00    3
   75   26   28   33    1      0.00     5.92    3
[ exclusions ]
;  ai   aj  funct  ;  GROMOS 1-4 exclusions
